 Event ID : 1
-103.073 -116.354 -69.056 61 66.3125
-4.90825 -11.3012 -27.296 76 115.25
-7.36236 -9.95207 -7.808 83 66.2167
29.4494 2.7999 -5.024 84 3694.1
26.9953 1.45075 -2.24 85 1511
139.885 7.05056 0.544 86 589.467
34.3577 -5.70141 3.328 87 237.8
26.9953 7.05056 6.112 88 1578.85
142.339 5.70141 6.112 88 229.617
71.1694 9.95207 6.112 88 2567.05
78.5318 22.704 6.112 88 402.7
68.7153 19.8025 6.112 88 738.35
71.1694 15.5519 6.112 88 940.45
44.1741 2.7999 6.112 88 406.5
24.5412 -2.7999 6.112 88 320
68.7153 14.2027 6.112 88 667.1
68.7153 11.3012 6.112 88 1979.75
31.9035 1.45075 11.68 90 3738
29.4494 5.70141 11.68 90 700.9
142.339 2.7999 14.464 91 182.783
137.431 2.7999 17.248 92 94.9833
34.3577 2.7999 17.248 92 3732.1
139.885 1.45075 22.816 94 699.467
80.9859 15.5519 25.6 95 904.25
85.8941 18.4534 25.6 95 2049.35
22.0871 -1.45075 28.384 96 154.85
44.1741 11.3012 28.384 96 330.55
58.8988 14.2027 28.384 96 79
39.2659 11.3012 31.168 97 179.05
41.72 7.05056 31.168 97 106.8
14.7247 2.7999 33.952 98 276.9
24.5412 5.70141 33.952 98 124.2
12.2706 -1.45075 36.736 99 245.35
34.3577 5.70141 36.736 99 739.3
139.885 -1.45075 36.736 99 619.117
36.8118 1.45075 36.736 99 3299.55
19.6329 2.7999 36.736 99 426.3
26.9953 -1.45075 39.52 100 271.5
17.1788 1.45075 39.52 100 299.15
31.9035 -1.45075 42.304 101 1146.9
137.431 -2.7999 42.304 101 441.9
142.339 -2.7999 45.088 102 114.825
9.81648 -2.7999 47.872 103 105.1
36.8118 -1.45075 50.656 104 2606.05
88.3483 14.2027 50.656 104 1175.8
-12.2706 -1.45075 53.44 105 648.567
39.2659 -11.3012 53.44 105 1117.2
85.8941 26.9547 56.224 106 86.475
22.0871 1.45075 59.008 107 219.2
137.431 -5.70141 59.008 107 387.425
36.8118 7.05056 59.008 107 73
34.3577 -2.7999 61.792 108 1180.9
39.2659 5.70141 61.792 108 109
85.8941 24.0532 61.792 108 1916.45
22.0871 -7.05056 64.576 109 215.85
39.2659 2.7999 64.576 109 2829.3
139.885 -7.05056 64.576 109 278.775
134.976 -7.05056 72.928 112 83.675
39.2659 -2.7999 72.928 112 3027.7
139.885 -9.95207 78.496 114 238.625
134.976 -9.95207 81.28 115 200.125
88.3483 22.704 81.28 115 199.95
137.431 -11.3012 84.064 116 540.625
41.72 -1.45075 84.064 116 3396.15
17.1788 -1.45075 84.064 116 166.6
41.72 1.45075 86.848 117 2611.95
14.7247 -2.7999 89.632 118 101.55
137.431 -14.2027 92.416 119 399.525
132.522 -14.2027 97.984 121 105.325
29.4494 -2.7999 97.984 121 208.9
93.2565 22.704 97.984 121 115.6
34.3577 -11.3012 97.984 121 122.7
83.44 22.704 97.984 121 719.7
24.5412 2.7999 100.768 122 169.9
90.8024 26.9547 100.768 122 109.05
19.6329 -2.7999 103.552 123 216.3
85.8941 15.5519 103.552 123 1897.45
49.0823 164.393 103.552 123 25.55
44.1741 -2.7999 103.552 123 2093.2
134.976 -15.5519 103.552 123 363.767
31.9035 7.05056 106.336 124 333.6
31.9035 -7.05056 106.336 124 155.2
46.6282 7.05056 109.12 125 162.75
83.44 19.8025 109.12 125 419.6
39.2659 -5.70141 109.12 125 2942.65
41.72 -7.05056 111.904 126 2489.2
46.6282 1.45075 114.688 127 269.55
24.5412 -5.70141 114.688 127 71
44.1741 -5.70141 117.472 128 3665.1
134.976 -18.4534 117.472 128 468.367
137.431 -19.8025 117.472 128 150.367
36.8118 -7.05056 120.256 129 221.9
130.068 -18.4534 123.04 130 74.05
132.522 -19.8025 123.04 130 350.75
137.431 -22.704 125.824 131 67.9
49.0824 5.70141 131.392 133 307.35
46.6282 -1.45075 134.176 134 705.617
49.0824 2.7999 134.176 134 117.5
83.44 14.2027 136.96 135 756.05
134.976 -24.0532 136.96 135 167.217
132.522 -22.704 136.96 135 387.817
130.068 -24.0532 139.744 136 248.883
68.7153 5.70141 142.528 137 126.75
90.8024 24.0532 142.528 137 291.4
88.3483 28.3038 142.528 137 492.95
41.72 -9.95207 145.312 138 1965.4
44.1741 5.70141 145.312 138 483.8
46.6282 -7.05056 145.312 138 2919.23
90.8024 15.5519 145.312 138 759
46.6282 9.95207 145.312 138 356.85
90.8024 18.4534 148.096 139 754.25
134.976 -26.9547 150.88 140 58.75
80.9859 24.0532 150.88 140 116.45
49.0824 -2.7999 153.664 141 261.367
44.1741 -11.3012 159.232 143 2833.5
46.6282 -9.95207 159.232 143 3000.58
132.522 -28.3038 162.016 144 172.717
53.9906 2.7999 162.016 144 53.7
130.068 -26.9547 162.016 144 378.167
88.3483 19.8025 164.8 145 214.95
49.0824 -5.70141 164.8 145 1176.33
125.16 -26.9547 164.8 145 61.3333
61.3529 -15.5519 164.8 145 147.383
63.8071 -14.2027 164.8 145 120.283
90.8024 -18.4534 164.8 145 88.7333
107.981 -28.3038 164.8 145 60.3333
56.4447 -9.95207 167.584 146 281.4
71.1694 -15.5519 167.584 146 77.05
127.614 -28.3038 167.584 146 351.8
105.527 -32.5545 167.584 146 328
132.522 -31.2053 170.368 147 94.4
107.981 -22.704 170.368 147 190.6
130.068 -32.5545 173.152 148 184.4
127.614 -31.2053 173.152 148 311.1
49.0824 -11.3012 181.504 151 2717.05
51.5365 -7.05056 184.288 152 296.45
68.7153 -14.2027 184.288 152 142.15
122.706 -31.2053 187.072 153 70.2833
125.16 -32.5545 187.072 153 231.583
98.1647 -28.3038 187.072 153 631.633
56.4447 -15.5519 187.072 153 94.9833
130.068 -35.456 187.072 153 59.5333
36.8118 -9.95207 189.856 154 477.8
88.3483 -22.704 192.64 155 46.25
51.5365 -9.95207 192.64 155 773.5
100.619 -24.0532 192.64 155 91.9
78.5318 -19.8025 192.64 155 152.05
73.6235 -19.8025 192.64 155 115.95
76.0776 -18.4534 195.424 156 128.85
44.1741 -14.2027 195.424 156 2430.3
127.614 -36.8052 198.208 157 181.683
100.619 -26.9547 198.208 157 160.833
98.1647 -19.8025 198.208 157 28.0833
49.0824 -14.2027 198.208 157 2502.43
125.16 -35.456 203.776 159 318.267
46.6282 -15.5519 203.776 159 2871.1
39.2659 -14.2027 209.344 161 222.25
122.706 -36.8052 209.344 161 285.717
125.16 -41.0558 214.912 163 114.25
53.9906 -11.3012 217.696 164 144.133
120.252 -35.456 220.48 165 82.7
53.9906 -14.2027 226.048 167 268.783
115.344 -32.5545 226.048 167 146.133
61.3529 -18.4534 226.048 167 71.3333
115.344 -35.456 226.048 167 244.733
122.706 -39.7067 228.832 168 231
46.6282 -18.4534 228.832 168 2942.05
41.72 -15.5519 228.832 168 962.15
56.4447 -7.05056 228.832 168 97.2333
51.5365 -15.5519 231.616 169 1786.5
206.146 -158.861 234.4 170 86
120.252 -41.0558 234.4 170 372.3
63.8071 -28.3038 234.4 170 374.8
44.1741 -19.8025 237.184 171 2091.55
115.344 -49.5571 237.184 171 319.25
49.0824 -19.8025 239.968 172 2528.65
120.252 -43.9573 242.752 173 216.85
117.798 -39.7067 242.752 173 118.75
51.5365 -18.4534 245.536 174 2024.6
115.344 -41.0558 251.104 176 98.1
117.798 -45.3065 253.888 177 373.75
56.4447 -18.4534 253.888 177 79.35
41.72 -18.4534 256.672 178 1044.85
115.344 -43.9573 256.672 178 231.2
117.798 -48.208 259.456 179 455.1
61.3529 -35.456 259.456 179 89.25
49.0824 -22.704 259.456 179 2935.6
36.8118 -15.5519 262.24 180 142.7
53.9906 -19.8025 262.24 180 491.15
83.44 -39.7067 262.24 180 79.65
63.8071 -36.8052 265.024 181 92.45
34.3577 -22.704 265.024 181 139.3
132.522 -48.3434 265.024 181 246.05
44.1741 -22.704 267.808 182 2260.2
7.36237 -1.45075 267.808 182 208.25
46.6282 -24.0532 267.808 182 2764.3
112.889 -45.3065 267.808 182 241.4
34.3577 -19.8025 270.592 183 127.1
68.7153 -36.8052 270.592 183 60.5
66.2612 -35.456 273.376 184 79.85
80.9859 -41.0558 273.376 184 96.85
36.8118 -24.0532 273.376 184 134.5
53.9906 -22.704 276.16 185 482.25
39.2659 -19.8025 278.944 186 192.6
51.5365 -24.0532 284.512 188 1706.05
110.435 -43.9573 287.296 189 85.3
58.8988 -36.8052 287.296 189 101.4
78.5318 -39.7067 287.296 189 84.5
76.0776 -41.0558 287.296 189 66.8
58.8988 -28.3038 287.296 189 177.35
127.614 -56.8448 287.296 189 307.5
31.9035 -18.4534 287.296 189 123.55
31.9035 -24.0532 287.296 189 95.6
17.1788 -7.05056 287.296 189 145.25
36.8118 -18.4534 287.296 189 115.05
26.9953 -9.95207 290.08 190 156.1
107.981 -45.3065 290.08 190 99.2
61.3529 -26.9547 290.08 190 179.55
112.889 -48.208 290.08 190 251.55
56.4447 -24.0532 290.08 190 69.2
63.8071 -22.704 290.08 190 172.4
46.6282 -26.9547 292.864 191 2535.85
112.889 -53.8078 292.864 191 71.8667
110.435 -52.4586 295.648 192 196.817
110.435 -49.5571 295.648 192 276.15
24.5412 -11.3012 298.432 193 140.85
19.6329 -19.8025 298.432 193 80.2
107.981 -48.208 298.432 193 239.45
51.5365 -26.9547 301.216 194 1630.65
39.2659 -22.704 301.216 194 256.75
41.72 -24.0532 301.216 194 1284.05
49.0824 -28.3038 304 195 2232.3
44.1741 -28.3038 312.352 198 2552.6
56.4447 -26.9547 312.352 198 178.8
107.981 -53.8078 315.136 199 196.067
103.073 -48.208 315.136 199 94.6167
105.527 -52.4586 317.92 200 225.333
105.527 -49.5571 317.92 200 186.483
107.981 -56.7093 317.92 200 92.9333
41.72 -26.9547 317.92 200 1783.45
100.619 -52.4586 317.92 200 151.583
103.073 -56.7093 320.704 201 187.95
105.527 -58.0584 323.488 202 85.4333
103.073 -53.8078 323.488 202 273.983
29.4494 -19.8025 323.488 202 230.65
100.619 -49.5571 323.488 202 89.7333
22.0871 -24.0532 326.272 203 302.7
26.9953 -24.0532 329.056 204 324.45
44.1741 -31.2053 329.056 204 2404.3
46.6282 -32.5545 329.056 204 2417.75
58.8988 -31.2053 331.84 205 102.8
49.0824 -31.2053 334.624 206 72.35
56.4447 -35.456 337.408 207 63.1
100.619 -58.0584 340.192 208 154.867
22.0871 -18.4534 340.192 208 208
24.5412 -19.8025 342.976 209 287.9
26.9953 -18.4534 342.976 209 313.4
24.5412 -22.704 342.976 209 128.55
161.972 -65.3461 342.976 209 356.55
83.44 -45.3065 345.76 210 57.2333
39.2659 -28.3038 345.76 210 1490.75
36.8118 -26.9547 354.112 213 214.55
98.1647 -53.8078 354.112 213 110.317
39.2659 -31.2053 356.896 214 1644.6
19.6329 -11.3012 356.896 214 119.9
166.88 -56.8448 359.68 215 160.45
98.1647 -56.7093 359.68 215 146.967
83.44 -56.7093 359.68 215 52.0333
22.0871 -9.95207 362.464 216 180.05
41.72 -32.5545 362.464 216 325.4
95.7106 -60.9599 368.032 218 103.117
95.7106 -58.0584 368.032 218 168.417
83.44 -62.3091 368.032 218 106.367
93.2565 -56.7093 368.032 218 126.867
80.9859 -43.9573 370.816 219 74.1
93.2565 -53.8078 373.6 220 69.9167
17.1788 -9.95207 381.952 223 104.45
36.8118 -32.5545 387.52 225 1226.8
41.72 -35.456 387.52 225 70.9167
90.8023 -58.0584 390.304 226 158.483
93.2565 -62.3091 393.088 227 80.8333
34.3577 -31.2053 398.656 229 304.65
90.8023 -60.9599 398.656 229 167
88.3482 -65.2106 401.44 230 99.85
34.3577 -28.3038 404.224 231 106.15
88.3482 -56.7093 404.224 231 94.7333
88.3482 -62.3091 404.224 231 174.183
85.8941 -60.9599 407.008 232 181.65
85.8941 -58.0584 407.008 232 131.25
39.2659 -36.8052 407.008 232 68.35
39.2659 -39.7067 423.712 238 61.2167
85.8941 -66.5598 429.28 240 75.3834
83.44 -65.2106 429.28 240 147.933
80.9859 -66.5598 432.064 241 130.8
78.5318 -65.2106 440.416 244 212.85
31.9035 -32.5545 451.552 248 211.15
76.0776 -66.5598 457.12 250 120.15
73.6235 -65.2106 459.904 251 144.95
34.3577 -48.208 484.96 260 811.4
71.1694 -66.5598 484.96 260 137.25
31.9035 -52.4586 487.744 261 177.7
71.1694 -69.4613 490.528 262 60.4
29.4494 -45.3065 490.528 262 1822.5
68.7153 -65.2106 493.312 263 146.5
66.2612 -66.5598 498.88 265 119.1
26.9953 -43.9573 501.664 266 1853.25
31.9035 -49.5571 504.448 267 687.4
29.4494 -48.208 510.016 269 1267.45
26.9953 -58.0584 518.368 272 128.65
24.5412 -45.3065 523.936 274 1901.15
31.9035 -60.9599 526.72 275 155.3
24.5412 -39.7067 526.72 275 1377.25
34.3577 -62.3091 526.72 275 98
26.9953 -49.5571 529.504 276 1076.15
26.9953 -52.4586 532.288 277 324.5
29.4494 -53.8078 532.288 277 118.95
24.5412 -48.208 535.072 278 1465.65
22.0871 -41.0558 535.072 278 1414.75
24.5412 -53.8078 537.856 279 247.55
22.0871 -43.9573 543.424 281 1866.8
41.72 -75.0611 551.776 284 181.75
44.1741 -73.7119 551.776 284 119.4
22.0871 -49.5571 562.912 288 1031.5
22.0871 -35.456 562.912 288 313.85
22.0871 -52.4586 562.912 288 344.75
19.633 -45.3065 562.912 288 1774.4
19.633 -48.208 571.264 291 1267.45
36.8118 -66.5598 571.264 291 148.55
19.633 -39.7067 571.264 291 1325.55
17.1788 -43.9573 574.048 292 1691.35
24.5412 -56.7093 576.832 293 62.8
19.633 -36.8052 579.616 294 665.3
17.1788 -52.4586 579.616 294 234.25
19.633 -53.8078 579.616 294 239.55
17.1788 -41.0558 582.4 295 1719
39.2659 -65.2106 582.4 295 242.85
46.6282 -69.4613 582.4 295 76.55
46.6282 -66.5598 582.4 295 78.45
44.1741 -62.3091 585.184 296 141.5
17.1788 -49.5571 585.184 296 843.15
14.7247 -45.3065 599.104 301 1509.55
14.7247 -53.8078 601.888 302 152
17.1788 -35.456 601.888 302 475.2
12.2706 -52.4586 601.888 302 150.117
44.1741 -65.2106 601.888 302 113.1
14.7247 -39.7067 601.888 302 1424.9
14.7247 -48.208 604.672 303 945.2
39.2659 -70.8104 607.456 304 106.35
14.7247 -22.704 613.024 306 76.9
36.8118 -69.4613 615.808 307 239.7
39.2659 -62.3091 618.592 308 118.95
41.72 -60.9599 618.592 308 127.5
12.2706 -43.9573 618.592 308 1412.55
41.72 -66.5598 618.592 308 126.5
12.2706 -41.0558 621.376 309 1391.8
36.8118 -60.9599 621.376 309 98.6
49.0824 -87.813 621.376 309 97.05
17.1788 -60.9599 621.376 309 124.5
39.2659 -56.7093 626.944 311 129.45
12.2706 -49.5571 629.728 312 527.533
14.7247 -36.8052 632.512 313 933.8
9.81649 -48.208 635.296 314 618.95
17.1788 -32.5545 635.296 314 155.55
9.81649 -45.3065 638.08 315 1225.78
9.81649 -39.7067 638.08 315 1433
7.36234 -49.5571 643.648 317 215.05
44.1741 -70.8104 646.432 318 84.35
-215.962 158.861 646.432 318 135.075
36.8118 -58.0584 646.432 318 106.5
31.9035 -58.0584 646.432 318 105.8
34.3577 -56.7093 649.216 319 122.3
-215.962 164.393 649.216 319 64.525
7.36237 -9.95207 649.216 319 57.6
7.36234 -52.4586 649.216 319 81.2833
-211.054 155.891 649.216 319 93.675
-211.054 167.362 652 320 343.575
12.2706 -35.456 652 320 904.7
-206.146 164.393 654.784 321 497.425
9.81649 -36.8052 654.784 321 1408.8
34.3577 -53.8078 657.568 322 84.8
-206.146 158.861 657.568 322 118.075
14.7247 -31.2053 657.568 322 193.35
14.7247 -28.3038 657.568 322 79.45
4.90822 -48.208 657.568 322 205.683
29.4494 -56.7093 657.568 322 89.95
7.36237 -41.0558 657.568 322 1297.88
-201.238 172.894 660.352 323 372.325
-201.238 167.362 660.352 323 572.625
-196.329 158.861 663.136 324 156.825
-196.329 164.393 663.136 324 514.325
-201.238 155.891 665.92 325 71.575
7.36237 -43.9573 665.92 325 904.5
-196.329 175.863 665.92 325 217.825
-191.421 167.362 668.704 326 670.975
-191.421 155.891 668.704 326 75.925
-191.421 172.894 668.704 326 375.625
-186.513 175.863 671.488 327 201.125
-186.513 158.861 671.488 327 104.625
12.2706 -32.5545 674.272 328 479.25
4.90822 -45.3065 674.272 328 472.617
-186.513 164.393 674.272 328 505.475
7.36234 -35.456 674.272 328 1433.6
-181.605 167.362 677.056 329 585.925
-181.605 155.891 677.056 329 71.125
-181.605 172.894 677.056 329 324.625
-176.696 164.393 679.84 330 489.075
36.8118 -52.4586 679.84 330 92.75
-176.696 158.861 682.624 331 155.725
-176.696 175.863 682.624 331 120.175
-171.788 172.894 685.408 332 126.275
-171.788 167.362 685.408 332 487.075
4.90822 -36.8052 688.192 333 1389.85
4.90822 -39.7067 688.192 333 1186.47
-171.788 155.891 688.192 333 93.975
-166.88 158.861 690.976 334 262.725
2.45411 -43.9573 690.976 334 412.967
2.4541 -49.5571 690.976 334 77.8167
-166.88 164.393 690.976 334 541.125
9.81648 -31.2053 693.76 335 569.8
-161.972 172.894 693.76 335 126.125
-161.972 167.362 693.76 335 443.175
7.36237 -32.5545 693.76 335 1189.95
2.45411 -41.0558 696.544 336 695.167
-161.972 155.891 696.544 336 138.325
-157.064 158.861 699.328 337 425.775
-157.064 164.393 699.328 337 621.075
-152.155 167.362 699.328 337 391.475
-152.155 155.891 702.112 338 249.225
-147.247 164.393 704.896 339 464.875
-147.247 158.861 707.68 340 472.625
-142.339 167.362 707.68 340 143.925
2.4541 -35.456 707.68 340 1414.25
-142.339 150.359 707.68 340 78.125
-1.14441e-05 -39.7067 710.464 341 533.733
2.45413 -32.5545 710.464 341 1299.15
51.5365 -75.0611 713.248 342 87.1
-142.339 155.891 713.248 342 300.875
-137.431 164.393 713.248 342 226.325
-2.45413 -41.0558 713.248 342 191.617
-1.14441e-05 -45.3065 713.248 342 120.317
12.2706 -26.9547 716.032 343 71
4.90825 -31.2053 716.032 343 1251.95
-137.431 158.861 716.032 343 429.325
-2.45413 -43.9573 716.032 343 82.4333
-132.522 155.891 718.816 344 422.925
-127.614 164.393 721.6 345 105.025
-127.614 158.861 721.6 345 334.425
-4.90825 -39.7067 721.6 345 112.317
-132.522 150.359 724.384 346 231.025
-1.14441e-05 -36.8052 727.168 347 850.883
9.81648 -28.3038 727.168 347 278.6
-122.706 155.891 727.168 347 387.05
-127.614 147.39 727.168 347 238.675
49.0824 -73.7119 729.952 348 121.1
-112.889 155.891 729.952 348 202.05
-117.798 158.861 729.952 348 173.75
-122.706 150.359 729.952 348 574.85
4.90825 -28.3038 732.736 349 1117.45
7.36237 -26.9547 732.736 349 476.75
9.81648 -19.8025 732.736 349 74.05
-117.798 141.858 735.52 350 111.6
-117.798 147.39 735.52 350 454
-2.45413 -35.456 738.304 351 665.117
-112.889 150.359 738.304 351 429.4
-103.073 150.359 741.088 352 205.5
-107.981 147.39 741.088 352 482.8
-112.889 138.889 741.088 352 113.4
-1.33514e-05 -31.2053 743.872 353 1286.4
-98.1647 147.39 746.656 354 183.55
-107.981 141.858 746.656 354 313.5
2.4541 -26.9547 749.44 355 1308.15
-98.1647 141.858 749.44 355 396.2
-103.073 133.357 752.224 356 112.35
7.36237 -24.0532 752.224 356 273.55
-2.45413 -32.5545 752.224 356 924.367
-103.073 138.889 752.224 356 294.25
-1.33514e-05 -28.3038 755.008 357 1378.35
9.81648 -22.704 755.008 357 63.55
-93.2565 138.889 755.008 357 382.65
-98.1647 130.387 757.792 358 88.3
-88.3482 141.858 757.792 358 210.5
-9.81648 -31.2053 760.576 359 85.6833
-4.90825 -36.8052 760.576 359 222.533
-93.2565 133.357 760.576 359 408
2.4541 -24.0532 763.36 360 1204.55
7.36237 -18.4534 763.36 360 62.05
-88.3482 130.387 763.36 360 470.95
-83.44 138.889 763.36 360 236.2
-7.36236 -35.456 766.144 361 99.8667
-83.44 133.357 766.144 361 437.95
-2.45413 -26.9547 766.144 361 1128.87
-78.5318 133.221 768.928 362 93.1
-7.36237 -32.5545 768.928 362 164.183
-78.5318 130.32 768.928 362 117.9
4.90825 -22.704 768.928 362 561.5
-80.9859 128.97 768.928 362 137.75
-83.44 124.72 768.928 362 101
-80.9859 126.069 768.928 362 157.1
-88.3482 124.855 768.928 362 139.85
-9.81648 5.70141 771.712 363 73.275
-78.5318 124.72 771.712 363 153.8
-71.1694 126.069 774.496 364 123.7
-1.33514e-05 -22.704 774.496 364 1256.07
206.146 -62.3768 774.496 364 54.2333
-76.0777 128.97 774.496 364 97.7
-80.9859 120.469 774.496 364 65.1
-78.5318 121.818 774.496 364 98.3
-4.90825 -31.2053 774.496 364 468.917
-83.44 121.818 774.496 364 68.35
-76.0777 126.069 774.496 364 134.55
-9.81648 2.7999 777.28 365 950.85
-73.6235 121.818 777.28 365 140.75
-76.0777 120.469 777.28 365 98.6
-73.6235 124.72 777.28 365 150.2
-71.1694 120.469 780.064 366 175.05
-68.7153 124.72 780.064 366 92.5
-76.0777 117.568 780.064 366 76.5
-71.1694 117.568 782.848 367 128.55
-68.7153 116.218 782.848 367 130.55
-68.7153 121.818 782.848 367 103
-71.1694 111.968 785.632 368 72.9
-68.7153 113.317 785.632 368 101.35
-66.2612 120.469 785.632 368 110.15
-61.353 120.469 785.632 368 69.25
-73.6235 116.218 785.632 368 87.65
-66.2612 117.568 788.416 369 119.05
-4.90825 -28.3038 788.416 369 599.067
-63.8071 116.218 788.416 369 146.7
-61.3529 117.568 788.416 369 105.45
-2.45413 -24.0532 791.2 370 80.8333
-7.36236 -26.9547 791.2 370 292.433
-63.8071 113.317 791.2 370 139.25
-56.4447 111.968 791.2 370 78.9
-61.3529 111.968 791.2 370 139.85
-58.8988 116.218 791.2 370 88.15
-66.2612 111.968 791.2 370 115.65
-66.2612 109.066 791.2 370 87.75
-61.3529 109.066 793.984 371 143.45
-63.8071 107.717 793.984 371 121.65
-58.8988 113.317 793.984 371 122.05
-58.8988 107.717 796.768 372 127.65
-61.3529 103.467 799.552 373 59.45
-56.4447 109.066 799.552 373 105.5
-58.8988 104.816 799.552 373 108.3
-53.9906 107.717 799.552 373 111.8
-56.4447 103.467 802.336 374 134.5
-53.9906 104.816 802.336 374 111.7
-58.8988 99.2159 805.12 375 78.85
-44.1741 104.816 805.12 375 29.45
-53.9906 99.2159 805.12 375 141.7
-49.0824 104.816 805.12 375 111.2
-51.5365 103.467 805.12 375 141.65
-49.0824 99.2159 807.904 376 162.7
-2.45413 -18.4534 807.904 376 72.1333
-56.4447 100.565 807.904 376 76.5
-51.5365 100.565 807.904 376 146.5
-46.6282 103.467 807.904 376 84
-53.9906 96.3143 807.904 376 145.2
-44.1741 99.2159 807.904 376 93.5
-51.5365 94.9652 810.688 377 112
-7.36237 1.45075 810.688 377 162.275
-46.6282 94.9652 810.688 377 155.25
-46.6282 100.565 810.688 377 104.95
-49.0824 96.3143 813.472 378 189.95
-44.1741 96.3143 813.472 378 104.45
-51.5365 92.0637 813.472 378 133.35
-4.90825 -19.8025 813.472 378 76.5333
-9.81648 -22.704 813.472 378 52.4333
-46.6282 92.0637 813.472 378 122.3
-49.0824 90.7145 816.256 379 95.15
-44.1741 90.7145 816.256 379 136.35
-41.72 94.9652 819.04 380 83.25
-41.72 92.0637 819.04 380 130.15
-9.81648 -28.3038 819.04 380 68.6333
-39.2659 87.813 821.824 381 92.3
-2.45413 -15.5519 821.824 381 69.45
-39.2659 90.7145 821.824 381 111.1
-46.6282 86.4639 821.824 381 103.6
-44.1741 87.813 821.824 381 106.9
-49.0824 82.2132 821.824 381 28.3
-36.8118 92.0637 821.824 381 85.4
-34.3576 87.813 824.608 382 88.05
-44.1741 82.2132 824.608 382 89.8
-41.72 83.5624 824.608 382 114
-36.8118 86.4639 824.608 382 129.2
-41.72 86.4639 824.608 382 105.55
-44.1741 79.3117 827.392 383 85.45
-39.2659 82.2132 827.392 383 143
-36.8118 83.5624 827.392 383 196.7
-41.72 75.0611 830.176 384 72.2
-34.3576 79.3117 830.176 384 135.25
-41.72 77.9626 830.176 384 99.1
-39.2659 79.3117 830.176 384 99.5
-36.8118 77.9626 830.176 384 133.75
-34.3576 82.2132 830.176 384 125.95
-31.9035 77.9626 832.96 385 117.85
-36.8118 75.0611 832.96 385 152.55
-39.2659 73.7119 832.96 385 74.2
-34.3576 73.7119 835.744 386 121.3
-31.9035 75.0611 838.528 387 120.95
-29.4494 73.7119 838.528 387 102.75
-34.3576 70.8104 838.528 387 129.15
-31.9035 66.5598 841.312 388 156.45
-31.9035 69.4613 841.312 388 119.4
-29.4494 70.8104 841.312 388 111.2
-26.9953 69.4613 841.312 388 136.75
-29.4494 65.2106 844.096 389 150.05
-34.3576 65.2106 844.096 389 76
-26.9953 66.5598 846.88 390 152.85
-24.5412 65.2106 846.88 390 149.4
-22.0871 66.5598 846.88 390 74.85
-26.9953 60.9599 846.88 390 173.8
-29.4494 62.3091 846.88 390 129.35
-22.0871 60.9599 849.664 391 103.6
-24.5412 62.3091 849.664 391 111.9
-22.0871 58.0584 849.664 391 120.35
-31.9035 60.9599 849.664 391 72.6
-29.4494 56.7093 852.448 392 96.25
-26.9953 58.0584 852.448 392 151.45
-24.5412 56.7093 852.448 392 138.5
-19.6329 62.3091 852.448 392 68
-24.5412 53.8078 855.232 393 114.7
-19.6329 53.8078 858.016 394 82.55
-26.9953 52.4586 858.016 394 78.7
-22.0871 52.4586 858.016 394 107.8
-19.6329 56.7093 858.016 394 65.85
-4.90825 -14.2027 860.8 395 41.1667
-17.1788 52.4586 860.8 395 66.65
-19.6329 48.208 863.584 396 105
-24.5412 48.208 863.584 396 85.45
-22.0871 49.5571 863.584 396 136.35
-17.1788 49.5571 863.584 396 92.6
-24.5412 45.3065 866.368 397 113.3
-22.0871 43.9573 866.368 397 129.95
-19.6329 45.3065 869.152 398 113.05
-14.7247 45.3065 869.152 398 64.75
-22.0871 41.0558 869.152 398 121.6
-17.1788 43.9573 869.152 398 127.25
-12.2706 41.0558 871.936 399 58.25
-19.6329 39.7067 871.936 399 135.7
-14.7247 39.7067 871.936 399 71.9
-17.1788 41.0558 871.936 399 125.45
-14.7247 36.8052 874.72 400 88.25
-17.1788 32.5545 874.72 400 121.55
-17.1788 35.456 874.72 400 116.9
-19.6329 36.8052 874.72 400 118.2
-7.36237 -1.45075 877.504 401 36.15
-14.7247 31.2053 877.504 401 74.5
-12.2706 35.456 877.504 401 64.55
-19.6329 31.2053 880.288 402 69.8
-17.1788 26.9547 880.288 402 72.5
-12.2706 26.9547 883.072 403 76.45
-14.7247 28.3038 883.072 403 81
-9.81648 22.704 885.856 404 72.9
-14.7247 22.704 885.856 404 89.95
-12.2706 24.0532 888.64 405 87.35
-9.81648 19.8025 888.64 405 61.05
-17.1788 18.4534 891.424 406 88.375
-14.7247 19.8025 891.424 406 129.175
-12.2706 18.4534 891.424 406 103.475
-14.7247 14.2027 896.992 408 107.625
-12.2706 15.5519 896.992 408 89.825
-9.81648 14.2027 896.992 408 74.375
-17.1788 15.5519 896.992 408 71.575
-53.9906 -133.221 927.616 419 35.25
-56.4447 -128.97 930.4 420 33.05
-112.889 -206.899 938.752 423 41.75
-68.7153 -121.818 947.104 426 31.5
68.7153 -147.39 1005.57 447 36.2
53.9906 -133.221 1008.35 448 31.1
147.247 90.85 1011.14 449 30.3
117.798 53.8078 1038.98 459 32.6
186.513 -164.393 1038.98 459 35.6
132.522 -116.354 1041.76 460 24.5
220.871 70.8781 1041.76 460 33.5
191.421 104.883 1044.54 461 37.1
78.5318 -82.2132 1055.68 465 29.95
122.706 -189.897 1080.74 474 29.8
73.6235 -130.32 1083.52 475 31.3
-34.3576 167.362 1100.22 481 28.35
-12.2706 1.45075 1103.01 482 428.733
-29.4494 181.395 1130.85 492 30.05
-24.5412 240.904 1150.34 499 31.65
-22.0871 120.469 1150.34 499 26.15
