 Event ID : 15
-4.90825 -14.2027 -10.592 82 65.75
250.32 -53.8755 0.544 86 412.012
245.412 -56.8448 3.328 87 1093.06
49.0824 -22.704 6.112 88 148.167
-100.619 15.5519 6.112 88 751.733
-115.344 24.0532 6.112 88 3904.83
250.32 14.3382 8.896 89 64.2625
-80.9859 9.95207 8.896 89 265.25
-41.72 9.95207 8.896 89 136.75
-95.7106 9.95207 8.896 89 302.05
-112.889 28.3038 11.68 90 3764.3
-115.344 26.9547 11.68 90 3719.4
245.412 -62.3768 11.68 90 2135.71
250.32 -65.3461 14.464 91 307.213
46.6282 -24.0532 17.248 92 1291.28
-112.889 22.704 17.248 92 1501.95
-110.435 26.9547 17.248 92 3767.4
240.504 -65.3461 17.248 92 231.113
-80.9859 7.05056 20.032 93 1648.07
-112.889 31.2053 22.816 94 3716.77
240.504 -70.8781 22.816 94 1211.71
-71.1694 7.05056 22.816 94 580.367
245.412 -73.8474 25.6 95 1773.41
-110.435 32.5545 25.6 95 3741.33
235.595 -73.8474 28.384 96 67.9125
245.412 -79.3795 28.384 96 328.787
-107.981 31.2053 31.168 97 3831.85
-107.981 28.3038 31.168 97 2069.85
46.6282 -26.9547 33.952 98 197.167
44.1741 -22.704 33.952 98 464.817
235.595 -79.3795 36.736 99 455.688
235.595 -124.855 36.736 99 70.3375
240.504 -82.3487 36.736 99 2238.84
-117.798 28.3038 36.736 99 115.083
-110.435 24.0532 39.52 100 445.167
-105.527 32.5545 39.52 100 3778.02
-107.981 22.704 39.52 100 742.467
-103.073 22.704 39.52 100 205.917
-105.527 35.456 42.304 101 3677.1
240.504 -87.8808 42.304 101 523.488
-110.435 35.456 42.304 101 2185.8
-107.981 36.8052 45.088 102 3680.15
44.1741 -28.3038 45.088 102 192.233
235.595 -90.85 50.656 104 1444.59
-103.073 31.2053 53.44 105 76.1
41.72 -24.0532 53.44 105 528.133
230.687 -87.8808 53.44 105 332.787
-107.981 48.208 56.224 106 217.3
235.595 -96.3821 56.224 106 367.338
-107.981 45.3065 56.224 106 1313.25
-103.073 36.8052 56.224 106 3717.75
41.72 -26.9547 59.008 107 828.35
-103.073 39.7067 61.792 108 3707.43
-105.527 49.5571 61.792 108 1056.58
-107.981 39.7067 61.792 108 1301.48
225.779 -96.3821 64.576 109 663.988
230.687 -99.3513 64.576 109 1280.39
-105.527 41.0558 67.36 110 1731.55
230.687 -104.883 70.144 111 178.988
39.2659 -22.704 70.144 111 80.1167
-100.619 41.0558 70.144 111 3756.36
-100.619 35.456 70.144 111 1952
220.871 -99.3513 72.928 112 171.838
-105.527 43.9573 72.928 112 699.733
-103.073 45.3065 75.712 113 266.183
-98.1647 39.7067 75.712 113 3675.51
225.779 -107.853 75.712 113 681.037
-98.1647 36.8052 75.712 113 881.183
39.2659 -28.3038 78.496 114 512.45
220.871 -104.883 78.496 114 1445.74
-132.522 70.8781 78.496 114 175.913
-132.522 65.3461 81.28 115 521.113
-152.155 87.8808 81.28 115 782.713
-100.619 66.5598 84.064 116 217.413
215.962 -107.853 86.848 117 571.488
220.871 -116.354 86.848 117 104.838
-100.619 43.9573 86.848 117 2616.6
215.962 -113.385 89.632 118 1810.04
36.8118 -24.0532 89.632 118 124.683
-95.7106 41.0558 89.632 118 3704.38
-95.7106 43.9573 92.416 119 3709.82
-98.1647 45.3065 92.416 119 3138.92
39.2659 -31.2053 95.2 120 57.2167
211.054 -116.354 97.984 121 1229.59
-95.7106 35.456 97.984 121 80.9
-93.2565 39.7067 97.984 121 973.65
-93.2565 45.3065 97.984 121 3749.35
36.8118 -26.9547 100.768 122 677.733
-98.1647 48.208 100.768 122 270.963
-142.339 48.3434 100.768 122 737.35
206.146 -113.385 103.552 123 145.637
211.054 -121.886 103.552 123 852.938
-95.7106 49.5571 106.336 124 319.813
-142.339 53.8755 109.12 125 363.567
-103.073 48.208 109.12 125 747.267
-90.8024 43.9573 109.12 125 3611.22
-100.619 58.0584 111.904 126 97.3625
-93.2565 48.208 111.904 126 3172.51
206.146 -124.855 111.904 126 1058.69
201.238 -121.886 114.688 127 860.188
-95.7106 52.4586 114.688 127 130.063
206.146 -130.387 114.688 127 86.0875
-49.0823 36.8052 117.472 128 116.967
-88.3483 45.3065 117.472 128 3608.22
-46.6282 35.456 117.472 128 199.767
-127.614 56.8448 117.472 128 248.367
-132.522 48.3434 117.472 128 63.0667
-88.3483 48.208 120.256 129 3565.7
-176.696 113.385 120.256 129 96.4125
-90.8024 49.5571 120.256 129 2728.21
34.3577 -28.3038 120.256 129 607.8
-98.1647 53.8078 123.04 130 71.5125
201.238 -133.357 123.04 130 67.5875
196.329 -124.855 123.04 130 834.337
-90.8024 52.4586 125.824 131 321.713
196.329 -130.387 125.824 131 1358.54
-85.8941 49.5571 128.608 132 3591.6
34.3577 -31.2053 131.392 133 261.783
-85.8941 43.9573 131.392 133 1858.62
-137.431 45.3742 131.392 133 450.267
31.9035 -26.9547 134.176 134 499.933
-83.44 48.208 134.176 134 3328.57
31.9035 -24.0532 134.176 134 80.3833
31.9035 -32.5545 134.176 134 158.483
191.421 -133.357 134.176 134 1405.49
-76.0777 43.9573 136.96 135 556.667
-88.3483 53.8078 136.96 135 116.517
186.513 -130.387 136.96 135 779.287
-85.8941 52.4586 139.744 136 1321.45
-83.44 45.3065 139.744 136 2114.35
191.421 -138.889 139.744 136 99.3875
186.513 -141.858 142.528 137 89.7875
-80.9859 49.5571 145.312 138 2533.88
181.605 -133.357 145.312 138 881.037
-80.9859 43.9573 148.096 139 473.117
181.605 -138.889 148.096 139 1065.3
-83.44 53.8078 150.88 140 968.15
-80.9859 52.4586 150.88 140 2962.45
-78.5318 48.208 153.664 141 2925.5
176.696 -141.858 153.664 141 1001.75
171.788 -133.357 159.232 143 82.9875
171.788 -138.889 159.232 143 1403.35
-78.5318 45.3065 159.232 143 814.35
-132.522 53.8755 159.232 143 150.65
-78.5318 53.8078 162.016 144 2086.98
-76.0777 49.5571 162.016 144 2850.68
-76.0777 52.4586 164.8 145 2822.12
166.88 -141.858 167.584 146 1343.5
29.4494 -31.2053 167.584 146 319.267
29.4494 -28.3038 167.584 146 527.767
-78.5318 56.7093 170.368 147 231.3
-73.6235 45.3065 170.368 147 338
166.88 -147.39 170.368 147 279.3
-76.0777 58.0584 173.152 148 95.2125
26.9953 -26.9547 173.152 148 404.7
161.972 -138.889 173.152 148 400.9
161.972 -150.359 175.936 149 152.9
-73.6235 48.208 175.936 149 2898.45
26.9953 -24.0532 175.936 149 65.2333
-73.6235 53.8078 175.936 149 2418.63
-137.431 56.8448 178.72 150 363.567
-71.1694 52.4586 181.504 151 3694.4
-73.6235 56.7093 181.504 151 494.512
157.064 -141.858 181.504 151 813.4
-71.1694 49.5571 184.288 152 3596.8
-88.3482 87.813 187.072 153 206.05
152.155 -138.889 187.072 153 135.6
152.155 -150.359 187.072 153 516.8
157.064 -147.39 187.072 153 525.25
-71.1694 43.9573 187.072 153 98.75
-103.073 121.886 189.856 154 284
-73.6235 70.8104 189.856 154 74.85
-90.8024 94.9652 189.856 154 143.4
147.247 -141.858 192.64 155 304.95
-68.7153 53.8078 192.64 155 3183.55
-71.1694 58.0584 192.64 155 236.7
147.247 -147.39 195.424 156 1017.2
-68.7153 48.208 195.424 156 2427.3
-103.073 138.889 195.424 156 94.35
-68.7153 56.7093 198.208 157 742.85
-66.2612 52.4586 198.208 157 3097.4
24.5412 -28.3038 198.208 157 365.5
-68.7153 45.3065 200.992 158 231.833
-66.2612 49.5571 200.992 158 3084
-112.889 133.357 200.992 158 167.2
142.339 -150.359 203.776 159 548.3
-66.2612 43.9573 206.56 160 104.733
-66.2612 58.0584 206.56 160 286.9
-66.2612 60.9599 209.344 161 171.35
137.431 -147.39 209.344 161 1004.55
-63.8071 53.8078 209.344 161 3077.85
137.431 -141.858 209.344 161 180.9
-63.8071 45.3065 212.128 162 323.467
-63.8071 56.7093 212.128 162 775.15
132.522 -150.359 214.912 163 661
-83.44 87.813 214.912 163 93.65
-63.8071 48.208 214.912 163 2269.8
-61.353 49.5571 217.696 164 2978.85
-61.353 52.4586 217.696 164 3432.95
-85.8941 92.0637 220.48 165 234.6
-61.3529 43.9573 220.48 165 123.617
127.614 -147.39 223.264 166 849.65
127.614 -141.858 223.264 166 167.3
-61.3529 58.0584 223.264 166 414.6
-63.8071 62.3091 223.264 166 103.8
-93.2565 104.816 223.264 166 255.4
-68.7153 65.2106 226.048 167 294.25
-71.1694 66.5598 226.048 167 84.05
-95.7106 100.565 228.832 168 96.2
-58.8988 53.8078 228.832 168 2811.4
-58.8988 56.7093 228.832 168 699.55
-58.8988 48.208 228.832 168 2767.8
-56.4447 49.5571 231.616 169 2821.5
-56.4447 52.4586 231.616 169 2958.8
-90.8024 100.565 231.616 169 114.6
-56.4447 58.0584 231.616 169 150.3
122.706 -138.889 231.616 169 65.7
122.706 -150.359 231.616 169 627.2
19.6329 -31.2053 234.4 170 162.183
22.0871 -24.0532 234.4 170 135.7
-58.8988 45.3065 234.4 170 533.733
117.798 -147.39 237.184 171 1038.2
-95.7106 103.467 237.184 171 97.55
117.798 -141.858 237.184 171 296.6
-80.9859 83.5624 239.968 172 231.6
-71.1694 69.4613 239.968 172 273.9
112.889 -150.359 242.752 173 570.6
-56.4447 43.9573 242.752 173 328.8
-53.9906 53.8078 245.536 174 1857
112.889 -138.889 245.536 174 113.05
-53.9906 48.208 245.536 174 2944.1
-53.9906 56.7093 245.536 174 413.95
-51.5365 49.5571 248.32 175 3324.45
107.981 -141.858 248.32 175 366.4
-56.4447 60.9599 248.32 175 65.05
107.981 -147.39 248.32 175 800.85
-51.5365 52.4586 251.104 176 2610.05
-53.9906 45.3065 251.104 176 1074.85
-73.6235 73.7119 253.888 177 191.25
-68.7153 70.8104 253.888 177 74.55
-103.073 133.357 253.888 177 137.1
-49.0823 56.7093 256.672 178 149.45
103.073 -150.359 256.672 178 226.65
-66.2612 66.5598 256.672 178 236.25
103.073 -138.889 256.672 178 181.3
17.1788 -26.9547 256.672 178 327.7
-49.0823 48.208 259.456 179 3304.45
-49.0823 53.8078 259.456 179 1311.4
14.7247 -31.2053 259.456 179 67.2167
-51.5365 43.9573 259.456 179 878.9
-51.5365 58.0584 259.456 179 132.45
98.1647 -147.39 262.24 180 535.45
-61.353 66.5598 265.024 181 244.75
-78.5318 79.3117 265.024 181 184.8
-49.0823 45.3065 265.024 181 2292.57
98.1647 -141.858 265.024 181 735.7
-46.6282 49.5571 265.024 181 3245.9
-46.6282 52.4586 267.808 182 1357.35
93.2565 -150.359 270.592 183 128.15
93.2565 -138.889 273.376 184 640.35
-44.1741 48.208 273.376 184 2945.05
88.3482 -147.39 273.376 184 222.8
-83.44 99.2159 273.376 184 154.15
-51.5365 41.0558 273.376 184 85.5667
-44.1741 53.8078 273.376 184 460.7
-46.6282 43.9573 276.16 185 1856.43
88.3482 -141.858 276.16 185 953.25
-49.0823 39.7067 278.944 186 67.5667
-44.1741 45.3065 278.944 186 3012
-51.5365 60.9599 281.728 187 179.9
-41.72 52.4586 281.728 187 578.45
-90.8024 103.467 284.512 188 289.05
-46.6282 41.0558 284.512 188 308.017
14.7247 -28.3038 284.512 188 199.417
-39.2659 53.8078 287.296 189 102.25
122.706 -189.897 287.296 189 31.05
-88.3482 107.717 287.296 189 257.6
14.7247 -22.704 287.296 189 207.65
83.44 -138.889 287.296 189 936.55
-41.72 49.5571 287.296 189 2150.25
78.5318 -141.858 290.08 190 449.95
-41.72 43.9573 290.08 190 2665.85
-39.2659 48.208 292.864 191 2192.95
-39.2659 45.3065 292.864 191 3025.25
-44.1741 39.7067 292.864 191 303.633
83.44 -133.357 292.864 191 324.55
-90.8024 109.066 295.648 192 163.25
78.5318 -133.221 295.648 192 186.3
-44.1741 36.8052 298.432 193 91.75
73.6235 -138.889 298.432 193 656.05
76.0777 -134.57 298.432 193 340.65
-41.72 41.0558 298.432 193 1378.2
-36.8118 43.9573 301.216 194 2843.1
73.6235 -133.221 301.216 194 295
-36.8118 49.5571 301.216 194 720
-36.8118 52.4586 304 195 133.9
73.6235 -130.32 304 195 148.25
-63.8071 70.8104 304 195 64.45
-78.5318 96.3143 304 195 174.05
68.7153 -141.858 304 195 102.45
-58.8988 70.8104 304 195 176.45
12.2706 -26.9547 304 195 200.8
71.1694 -134.57 304 195 289.35
12.2706 -24.0532 306.784 196 288.45
63.8071 -138.889 306.784 196 97.25
-34.3576 48.208 306.784 196 770.9
68.7153 -133.221 306.784 196 350.75
-39.2659 39.7067 306.784 196 1268.5
71.1694 -128.97 306.784 196 171.7
7.36237 -26.9547 309.568 197 84.5
9.81648 -28.3038 309.568 197 107.85
66.2612 -134.57 309.568 197 241.55
68.7153 -130.32 309.568 197 322
-36.8118 41.0558 309.568 197 2571
9.81648 -22.704 312.352 198 252.217
66.2612 -128.97 312.352 198 264.1
-71.1694 83.5624 312.352 198 166.4
63.8071 -133.221 312.352 198 207.8
-34.3576 45.3065 312.352 198 2112.2
61.353 -134.57 312.352 198 91.55
-41.72 35.456 312.352 198 85.6
-31.9035 49.5571 315.136 199 195.5
-39.2659 36.8052 315.136 199 289.1
63.8071 -130.32 315.136 199 286.8
66.2612 -126.069 315.136 199 126.65
63.8071 -124.72 317.92 200 145.8
-29.4494 48.208 317.92 200 145.25
12.2706 -18.4534 317.92 200 88.5333
61.353 -128.97 317.92 200 303.05
-34.3576 39.7067 317.92 200 2721.55
-31.9035 41.0558 320.704 201 2783.15
61.353 -126.069 320.704 201 289.3
58.8988 -130.32 320.704 201 257.5
-76.0776 86.4639 320.704 201 68.9
58.8988 -133.221 320.704 201 89.2
-31.9035 43.9573 320.704 201 2183.45
-36.8118 35.456 320.704 201 357.05
56.4447 -128.97 323.488 202 210.7
58.8988 -124.72 323.488 202 313.25
58.8988 -121.818 323.488 202 167.7
-73.6235 82.2132 323.488 202 115.25
53.9906 -133.221 326.272 203 30.9
53.9906 -130.32 326.272 203 79.55
-29.4494 45.3065 326.272 203 733.5
56.4447 -126.069 326.272 203 334.75
-34.3576 36.8052 326.272 203 1405.05
56.4447 -120.469 329.056 204 143.5
-29.4494 39.7067 329.056 204 2485.85
9.81648 -19.8025 329.056 204 217.883
53.9906 -121.818 331.84 205 261.85
53.9906 -124.72 331.84 205 321.7
-24.5412 45.3065 334.624 206 115
-26.9953 43.9573 334.624 206 587.6
-34.3577 31.2053 334.624 206 97.7
51.5365 -126.069 334.624 206 172.55
7.36237 -24.0532 334.624 206 206.867
-76.0776 83.5624 337.408 207 56.95
-31.9035 35.456 337.408 207 1865.85
49.0824 -124.72 337.408 207 145.6
51.5365 -120.469 337.408 207 279.95
-66.2612 83.5624 337.408 207 107.95
-29.4494 36.8052 337.408 207 2902.7
53.9906 -116.218 337.408 207 86.6
49.0824 -121.818 340.192 208 232.1
-26.9953 41.0558 340.192 208 1735.8
51.5365 -117.568 340.192 208 165.05
46.6283 -120.469 342.976 209 244.35
-22.0871 43.9573 342.976 209 98.9
-31.9035 32.5545 342.976 209 638.3
49.0824 -116.218 342.976 209 172.55
46.6283 -117.568 345.76 210 262.7
44.1741 -121.818 345.76 210 140.4
-68.7153 79.3117 345.76 210 131.45
4.90825 -22.704 345.76 210 140.633
-26.9953 35.456 345.76 210 2885.6
-68.7153 82.2132 345.76 210 181.4
-24.5412 39.7067 345.76 210 1507.65
44.1741 -116.218 348.544 211 274.1
46.6282 -111.968 348.544 211 104.2
-22.0871 41.0558 348.544 211 371.65
-24.5412 36.8052 351.328 212 2530.1
41.72 -117.568 351.328 212 187.8
41.72 -120.469 351.328 212 84.75
44.1741 -113.317 351.328 212 235.6
41.72 -111.968 354.112 213 265.25
39.2659 -116.218 354.112 213 166.45
-26.9953 32.5545 354.112 213 2326.75
-49.0823 65.2106 354.112 213 108
-19.6329 39.7067 354.112 213 217.9
-29.4494 31.2053 354.112 213 910
7.36237 -18.4534 354.112 213 265.433
41.72 -109.066 356.896 214 172
44.1741 -107.717 356.896 214 77.55
39.2659 -113.317 356.896 214 234.4
39.2659 -107.717 359.68 215 203.85
-22.0871 35.456 359.68 215 2178.25
-34.3576 53.8078 362.464 216 54.85
-19.6329 36.8052 362.464 216 725.3
-29.4494 28.3038 362.464 216 251.9
36.8118 -111.968 362.464 216 227.313
-22.0871 32.5545 365.248 217 2602.95
36.8118 -109.066 365.248 217 300.713
34.3577 -113.317 365.248 217 87.6625
39.2659 -104.816 365.248 217 71.2667
31.9035 -111.968 365.248 217 89.2125
-24.5412 31.2053 365.248 217 2367.35
-14.7247 36.8052 368.032 218 83.75
-17.1788 35.456 370.816 219 513.95
36.8118 -103.467 370.816 219 138.65
34.3577 -107.717 370.816 219 244.662
31.9035 -109.066 370.816 219 165.912
-76.0777 94.9652 370.816 219 85.85
34.3577 -104.816 370.816 219 237.825
29.4494 -107.717 373.6 220 108.162
-19.6329 31.2053 373.6 220 2290.45
-26.9953 26.9547 373.6 220 414.45
-24.5412 28.3038 373.6 220 1604
34.3577 -99.2159 373.6 220 95.775
-17.1788 52.4586 376.384 221 83.45
31.9035 -103.467 376.384 221 262.175
31.9035 -100.565 376.384 221 153.775
-9.81647 113.317 376.384 221 55.35
29.4494 -104.816 376.384 221 203.725
-26.9953 24.0532 379.168 222 154.517
-17.1788 32.5545 379.168 222 1218.6
26.9953 -103.467 379.168 222 173.775
24.5412 -104.816 379.168 222 74.625
-19.6329 28.3038 379.168 222 2328.55
29.4494 -99.2159 381.952 223 223.725
26.9953 -100.565 381.952 223 197.225
29.4494 -96.3143 381.952 223 135.325
-22.0871 26.9547 381.952 223 2005.9
-14.7247 31.2053 384.736 224 718.45
-71.1694 94.9652 384.736 224 95.4
-68.7153 73.7119 384.736 224 66.85
24.5412 -99.2159 387.52 225 186.875
22.0871 -100.565 387.52 225 93.175
26.9953 -94.9652 387.52 225 194.425
-17.1788 26.9547 387.52 225 2691.6
-14.7247 28.3038 390.304 226 1372.8
-58.8988 79.3117 390.304 226 101
24.5412 -96.3143 390.304 226 193.725
-12.2706 32.5545 390.304 226 107.65
19.6329 -96.3143 390.304 226 131.425
-24.5412 22.704 390.304 226 379.8
-22.0871 24.0532 390.304 226 1365.7
26.9953 -92.0637 393.088 227 129.563
22.087 -94.9652 393.088 227 249.225
-19.6329 22.704 395.872 228 1828.5
22.0871 -92.0637 395.872 228 236.575
24.5412 -90.7145 395.872 228 193.875
19.633 -90.7145 398.656 229 237.725
24.5412 -87.813 398.656 229 115.425
17.1788 -94.9652 398.656 229 76.575
-12.2706 26.9547 398.656 229 706.2
19.633 -87.813 401.44 230 235.875
-24.5412 19.8025 401.44 230 106.95
17.1788 -92.0637 401.44 230 122.525
22.0871 -86.4639 401.44 230 172.325
14.7247 -90.7145 404.224 231 85.425
-22.0871 18.4534 404.224 231 292.867
-9.81648 28.3038 404.224 231 146.75
22.0871 -83.5624 407.008 232 73.625
14.7247 -87.813 407.008 232 112.725
-19.6329 19.8025 407.008 232 1121.38
-14.7247 22.704 407.008 232 2292.8
-12.2706 24.0532 407.008 232 1286.3
17.1788 -86.4639 407.008 232 221.912
12.2706 -86.4639 409.792 233 77.675
19.633 -82.2132 409.792 233 148.225
17.1788 -83.5624 409.792 233 188.325
-22.0871 15.5519 412.576 234 108.35
12.2706 -83.5624 412.576 234 173.975
14.7247 -82.2132 412.576 234 226.175
-76.0777 35.456 412.576 234 79.05
-17.1788 18.4534 412.576 234 1906.7
-7.36236 24.0532 415.36 235 126.05
-14.7247 19.8025 415.36 235 2441.67
19.633 -79.3117 415.36 235 86.475
-9.81648 22.704 415.36 235 604.3
9.81646 -82.2132 415.36 235 124.825
14.7247 -79.3117 415.36 235 204.225
-17.1788 1.45075 418.144 236 283.617
9.81646 -79.3117 418.144 236 167.175
17.1788 -75.0611 418.144 236 88.575
17.1788 -77.9626 418.144 236 124.675
12.2706 -77.9626 418.144 236 233.925
-12.2706 18.4534 420.928 237 2137.03
-9.81648 19.8025 420.928 237 1121.05
-14.7247 2.7999 420.928 237 438.15
-78.5318 36.8052 420.928 237 64.3333
12.2706 -75.0611 420.928 237 252.425
-17.1788 15.5519 423.712 238 1276.7
7.36234 -75.0611 423.712 238 138.725
7.36234 -77.9626 423.712 238 92.925
-19.6329 14.2027 423.712 238 285.2
14.7247 -73.7119 423.712 238 147.975
14.7247 -70.8104 423.712 238 114.675
-14.7247 14.2027 426.496 239 1933.7
-12.2706 15.5519 426.496 239 2270.3
4.90822 -73.7119 426.496 239 105.125
9.81646 -73.7119 426.496 239 264.075
-4.90825 19.8025 429.28 240 83.5
7.36234 -69.4613 429.28 240 209.075
4.90822 -70.8104 429.28 240 121.925
-19.6329 11.3012 429.28 240 137.933
9.81646 -70.8104 429.28 240 248.225
-7.36237 18.4534 429.28 240 474.95
12.2706 -69.4613 429.28 240 169.675
-14.7247 11.3012 432.064 241 71.5333
12.2706 -66.5598 432.064 241 95.175
9.81649 -65.2106 434.848 242 150.725
-12.2706 1.45075 434.848 242 205.7
-9.81648 14.2027 434.848 242 1656.17
-7.36237 15.5519 434.848 242 688.05
7.36234 -66.5598 434.848 242 223.775
-12.2706 9.95207 437.632 243 107.883
4.90822 -65.2106 437.632 243 180.125
7.36237 -60.9599 440.416 244 188.15
9.81649 -62.3091 440.416 244 145.975
2.4541 -66.5598 440.416 244 114.825
2.45411 -60.9599 443.2 245 163.975
-9.81648 11.3012 443.2 245 70.5667
-14.7247 -2.7999 443.2 245 115.183
4.90822 -62.3091 443.2 245 204.125
-1.14441e-05 -62.3091 445.984 246 81.275
-4.90825 14.2027 445.984 246 277.45
2.45411 -58.0584 445.984 246 208.575
7.36237 -58.0584 445.984 246 167.025
9.81649 -56.7093 445.984 246 103.025
-1.14441e-05 -56.7093 448.768 247 139.383
4.90822 -56.7093 448.768 247 241.825
-12.2706 7.05056 451.552 248 71.5167
4.90822 -53.8078 451.552 248 173.275
7.36234 -52.4586 451.552 248 95.725
-2.45413 -52.4586 454.336 249 73.6667
-1.14441e-05 -53.8078 454.336 249 157.275
2.4541 -52.4586 454.336 249 214.125
-12.2706 -1.45075 459.904 251 748.1
-2.45413 -49.5571 459.904 251 82.4
-9.81648 5.70141 459.904 251 70.9167
2.4541 -49.5571 459.904 251 220.425
4.90822 -48.208 459.904 251 104.025
-1.14441e-05 -48.208 459.904 251 200.1
4.90822 -45.3065 462.688 252 90.375
-1.14441e-05 -45.3065 465.472 253 217.225
-4.90825 -45.3065 465.472 253 95.1833
-2.45413 -43.9573 465.472 253 189.883
2.45411 -43.9573 465.472 253 181.775
-2.45413 -41.0558 468.256 254 224.283
-9.81648 2.7999 468.256 254 103.717
2.45411 -41.0558 471.04 255 167.125
-1.14441e-05 -39.7067 471.04 255 232.4
-4.90825 -39.7067 471.04 255 99.25
-2.45413 -35.456 473.824 256 233.45
-7.36237 1.45075 473.824 256 68.6334
-1.14441e-05 -36.8052 473.824 256 225.275
4.90822 -36.8052 473.824 256 88.85
4.90822 -39.7067 473.824 256 83.475
-4.90825 -36.8052 476.608 257 116.617
2.4541 -35.456 476.608 257 177.35
-1.33514e-05 -31.2053 479.392 258 196.817
2.45413 -32.5545 479.392 258 131.233
-2.45413 -32.5545 479.392 258 221.117
-4.90825 -31.2053 482.176 259 134.717
2.4541 -26.9547 484.96 260 90.7
-1.33514e-05 -28.3038 484.96 260 167.4
-4.90825 -28.3038 484.96 260 93.25
-2.45413 -26.9547 487.744 261 178.767
2.4541 -24.0532 490.528 262 89.4
-1.33514e-05 -22.704 493.312 263 132.617
-7.36236 -26.9547 493.312 263 66.3167
206.146 -62.3768 565.696 289 43.3667
186.513 -164.393 643.648 317 25.8
132.522 -116.354 660.352 323 28.8
-2.45412 100.565 702.112 338 23.35
68.7153 -147.39 941.536 424 22.35
-103.073 -116.354 1097.44 480 89.375
