 Event ID : 17
-4.90825 -5.70141 -99.68 50 93.1875
-76.0777 -49.5571 3.328 87 903.838
39.2659 39.7067 3.328 87 3683.4
-90.8024 -41.0558 3.328 87 406
-88.3483 -39.7067 6.112 88 968.5
46.6282 52.4586 8.896 89 57.45
-73.6235 -48.208 8.896 89 465.788
44.1741 36.8052 8.896 89 494.7
85.8941 111.968 8.896 89 196.9
90.8023 109.066 8.896 89 84.4
88.3482 113.317 8.896 89 92.05
53.9906 65.2106 8.896 89 179.6
-73.6235 -45.3065 11.68 90 791.338
-88.3483 -36.8052 11.68 90 344.2
88.3482 99.2159 14.464 91 439.35
39.2659 36.8052 14.464 91 3684.25
36.8118 41.0558 14.464 91 148.65
29.4494 31.2053 14.464 91 117.7
26.9953 32.5545 14.464 91 78.65
41.72 35.456 14.464 91 76.8
85.8941 103.467 17.248 92 457
-71.1694 -43.9573 17.248 92 475.788
-85.8941 -35.456 17.248 92 775.2
39.2659 45.3065 20.032 93 222.95
36.8118 35.456 20.032 93 3571.8
85.8941 117.568 20.032 93 185.65
93.2565 107.717 20.032 93 719.7
-83.44 -36.8052 20.032 93 256.65
36.8118 32.5545 22.816 94 3693.3
90.8023 111.968 22.816 94 544.7
44.1741 53.8078 22.816 94 500.95
34.3577 36.8052 22.816 94 187.3
-80.9859 -35.456 22.816 94 117.45
-85.8941 -32.5545 22.816 94 127.95
51.5365 60.9599 25.6 95 68
49.0823 164.393 25.6 95 21.1625
-71.1694 -41.0558 25.6 95 803.8
-83.44 -31.2053 25.6 95 312
88.3482 116.218 25.6 95 81.9
-80.9859 -32.5545 28.384 96 639.45
-68.7153 -39.7067 28.384 96 946.188
39.2659 31.2053 28.384 96 239.2
34.3577 31.2053 28.384 96 3590.5
41.72 49.5571 31.168 97 222.75
93.2565 116.354 31.168 97 77.35
56.4447 69.4613 31.168 97 372.45
58.8988 53.8078 33.952 98 71.05
46.6282 58.0584 33.952 98 344.15
73.6235 70.8104 33.952 98 62.25
-78.5318 -31.2053 33.952 98 485.4
93.2565 121.886 33.952 98 75.45
31.9035 32.5545 36.736 99 277.8
61.3529 58.0584 36.736 99 107.85
-68.7153 -36.8052 36.736 99 512.1
-78.5318 -28.3038 36.736 99 602.9
-76.0777 -26.9547 42.304 101 828.05
39.2659 28.3038 42.304 101 58.5333
122.706 155.891 42.304 101 694.05
34.3577 28.3038 42.304 101 3623.25
-66.2612 -35.456 42.304 101 740.15
36.8118 26.9547 42.304 101 431.483
-73.6235 -28.3038 45.088 102 250.9
49.0824 62.3091 45.088 102 293.65
-63.8071 -36.8052 45.088 102 209.45
71.1694 60.9599 47.872 103 154.25
36.8118 24.0532 47.872 103 64.3333
-66.2612 -32.5545 47.872 103 300.6
31.9035 24.0532 47.872 103 3784.63
-61.353 -35.456 47.872 103 66.75
31.9035 26.9547 47.872 103 3646
-71.1694 -26.9547 50.656 104 183.05
-76.0777 -24.0532 50.656 104 186.1
53.9906 70.8104 50.656 104 353.1
39.2659 53.8078 53.44 105 69.05
-63.8071 -31.2053 53.44 105 478.7
-73.6235 -22.704 53.44 105 286.35
29.4494 28.3038 53.44 105 1407.9
98.1647 124.855 53.44 105 90.05
29.4494 22.704 53.44 105 3739.72
34.3577 22.704 53.44 105 374.017
-71.1694 -24.0532 53.44 105 686.25
44.1741 22.704 56.224 106 70.0667
71.1694 58.0584 56.224 106 82.5
-61.353 -32.5545 56.224 106 430.35
-63.8071 -28.3038 59.008 107 61.45
26.9953 26.9547 59.008 107 308.65
-68.7153 -22.704 59.008 107 859.75
66.2612 32.5545 61.792 108 364.167
-66.2612 -24.0532 61.792 108 146.55
-61.353 -26.9547 61.792 108 202.5
-58.8988 -31.2053 61.792 108 284.4
41.72 24.0532 61.792 108 97.9167
29.4494 19.8025 64.576 109 3470.55
-58.8988 -28.3038 64.576 109 671.35
44.1741 28.3038 64.576 109 92.6
26.9953 24.0532 64.576 109 2974.9
-63.8071 -22.704 67.36 110 74.2
80.9859 35.456 67.36 110 76.1833
-68.7153 -19.8025 67.36 110 481.15
73.6235 22.704 70.144 111 189.817
24.5412 22.704 70.144 111 1447.32
-56.4447 -26.9547 70.144 111 542.2
31.9035 18.4534 70.144 111 121.917
73.6235 28.3038 70.144 111 207.367
-66.2612 -18.4534 72.928 112 452.2
-53.9906 -28.3038 72.928 112 72.5875
24.5412 19.8025 72.928 112 3339.3
26.9953 18.4534 72.928 112 3738.2
-63.8071 -19.8025 75.712 113 456.7
-51.5365 -26.9547 75.712 113 76.7
-56.4447 -24.0532 75.712 113 428.35
22.0871 24.0532 75.712 113 89.5667
56.4447 18.4534 78.496 114 83.5833
39.2659 22.704 78.496 114 106.783
53.9906 19.8025 78.496 114 294.633
19.6329 22.704 78.496 114 74.6333
66.2612 24.0532 78.496 114 344.783
56.4447 24.0532 78.496 114 326.333
19.6329 5.70141 78.496 114 274.733
-53.9906 -22.704 78.496 114 562.65
-61.353 -18.4534 81.28 115 457.95
-51.5365 -24.0532 81.28 115 375.95
26.9953 15.5519 81.28 115 1541.95
-53.9906 -19.8025 84.064 116 88
29.4494 14.2027 84.064 116 80.2333
22.0871 18.4534 84.064 116 3377.08
-58.8988 -19.8025 84.064 116 71.05
-61.353 -15.5519 84.064 116 370.75
73.6235 36.8052 86.848 117 106.8
24.5412 14.2027 86.848 117 2754.25
22.0871 15.5519 86.848 117 3719.2
-58.8988 -14.2027 89.632 118 339.85
-51.5365 -18.4534 89.632 118 142.85
-49.0824 -22.704 89.632 118 266.25
19.6329 19.8025 89.632 118 354.15
-56.4447 -15.5519 92.416 119 413.6
-49.0824 -19.8025 92.416 119 456.85
-58.8988 -11.3012 92.416 119 72.85
19.6329 14.2027 92.416 119 3747.43
24.5412 11.3012 95.2 120 252.033
17.1788 18.4534 95.2 120 148.283
-53.9906 -14.2027 97.984 121 452.55
-46.6282 -18.4534 97.984 121 449.9
-53.9906 -11.3012 97.984 121 334.7
19.6329 11.3012 100.768 122 3718.3
-44.1741 -19.8025 100.768 122 231.3
-46.6282 -15.5519 100.768 122 182.65
-51.5365 -15.5519 100.768 122 148.85
17.1788 15.5519 100.768 122 2166.85
22.0871 9.95207 100.768 122 560.25
63.8071 31.2053 100.768 122 476.25
61.3529 24.0532 100.768 122 68.7
-49.0824 -14.2027 103.552 123 125.1
-44.1741 -14.2027 106.336 124 232
-41.72 -18.4534 106.336 124 225.6
-51.5365 -9.95207 106.336 124 224.8
14.7247 14.2027 109.12 125 1700.1
-49.0824 -11.3012 109.12 125 388.65
-41.72 -15.5519 109.12 125 363.65
14.7247 11.3012 109.12 125 3772.05
17.1788 9.95207 109.12 125 3771.55
-46.6282 -9.95207 114.688 127 426.2
-39.2659 -14.2027 114.688 127 341.15
17.1788 7.05056 114.688 127 1016.28
63.8071 22.704 114.688 127 200.183
61.3529 26.9547 114.688 127 72.4333
12.2706 15.5519 114.688 127 75.7833
-46.6282 -7.05056 117.472 128 160.65
12.2706 9.95207 117.472 128 3682.1
58.8988 28.3038 117.472 128 85.05
-44.1741 -11.3012 117.472 128 264.083
-44.1741 -5.70141 120.256 129 100.8
-36.8118 -15.5519 120.256 129 201.8
14.7247 5.70141 120.256 129 1149.25
9.81648 14.2027 120.256 129 87.85
12.2706 7.05056 120.256 129 3710.45
26.9953 9.95207 123.04 130 130.6
-41.72 -9.95207 123.04 130 407.817
63.8071 28.3038 123.04 130 129.7
12.2706 1.45075 125.824 131 65.6667
-34.3577 -14.2027 125.824 131 235.75
-41.72 -7.05056 125.824 131 391.583
-39.2659 -11.3012 125.824 131 261.783
53.9906 22.704 125.824 131 253.467
9.81648 11.3012 125.824 131 1563.92
-39.2659 -5.70141 128.608 132 312.183
9.81648 5.70141 128.608 132 3767.23
7.36237 7.05056 128.608 132 3745.13
51.5365 24.0532 131.392 133 118.533
-36.8118 -9.95207 131.392 133 312.267
9.81648 2.7999 131.392 133 875.6
7.36237 9.95207 134.176 134 1224.56
-31.9035 -9.95207 134.176 134 513.3
-36.8118 -7.05056 134.176 134 451.217
-34.3577 -11.3012 134.176 134 320.967
-34.3577 -5.70141 139.744 136 426.183
4.90825 11.3012 139.744 136 87.4875
-34.3577 -2.7999 139.744 136 70.6833
4.90825 2.7999 139.744 136 261.517
-26.9953 -9.95207 139.744 136 319.15
-31.9035 -7.05056 142.528 137 503.317
4.90825 5.70141 142.528 137 149.967
-29.4494 -5.70141 145.312 138 436.117
-24.5412 -11.3012 145.312 138 122.9
-29.4494 -2.7999 148.096 139 167.733
2.45413 1.45075 148.096 139 97.0833
-1.33514e-05 2.7999 150.88 140 161.725
-22.0871 -9.95207 150.88 140 205.1
-26.9953 -7.05056 150.88 140 479.167
-24.5412 -2.7999 156.448 142 219.05
-26.9953 -1.45075 156.448 142 61.8
-22.0871 -7.05056 156.448 142 495.9
-24.5412 -5.70141 156.448 142 521.75
-2.45413 -1.45075 156.448 142 83.5375
-2.45413 1.45075 162.016 144 152.013
-22.0871 -1.45075 162.016 144 82.05
-4.90825 2.7999 167.584 146 55.5625
-4.90825 -2.7999 170.368 147 48.8375
-7.36237 -1.45075 173.152 148 51.25
-9.81648 -2.7999 576.832 293 568.317
206.146 -62.3768 690.976 334 43.55
71.1694 -69.4613 727.168 347 39.65
-34.3576 167.362 729.952 348 36.3
78.5318 -82.2132 732.736 349 42.65
-29.4494 181.395 735.52 350 39.8
-24.5412 240.904 738.304 351 37.2
-22.0871 120.469 743.872 353 38.35
186.513 -164.393 746.656 354 40.5
132.522 -116.354 766.144 361 40
-142.339 82.3487 785.632 368 41.55
-14.7247 -2.7999 791.2 370 361.217
-12.2706 -1.45075 805.12 375 502.35
-186.513 96.3821 816.256 379 38.6
-211.054 133.357 819.04 380 39.75
-2.45412 100.565 821.824 381 22.475
-147.247 90.85 821.824 381 37.45
-9.81648 -5.70141 874.72 400 208
-7.36236 -7.05056 955.456 429 108.1
-103.073 -116.354 1150.34 499 67.8875
